,Age,Sex,BP,Cholesterol,Na_to_K,Drug
0,23,1,2,2,25.355,drugA
1,47,0,0,2,13.093,drugC
2,47,0,0,2,10.114,drugC
3,28,1,1,2,7.798,drugX
4,61,1,0,2,18.043,drugA
5,22,1,1,2,8.607,drugX
6,49,1,1,2,16.275,drugA
7,41,0,0,2,11.037,drugC
8,60,0,1,2,15.171,drugA
9,43,0,0,1,19.368,drugA
10,47,1,0,2,11.767,drugC
11,34,1,2,1,19.199,drugA
12,43,0,0,2,15.376,drugA
13,74,1,0,2,20.942,drugA
14,50,1,1,2,12.703,drugX
15,16,1,2,1,15.516,drugA
16,69,0,0,1,11.455,drugX
17,43,0,2,2,13.972,drugA
18,23,0,0,2,7.298,drugC
19,32,1,2,1,25.974,drugA
20,57,0,0,1,19.128,drugA
21,63,0,1,2,25.917,drugA
22,47,0,0,1,30.568,drugA
23,48,1,0,2,15.036,drugA
24,33,1,0,2,33.486,drugA
25,28,1,2,1,18.809,drugA
26,31,0,2,2,30.366,drugA
27,49,1,1,1,9.381,drugX
28,39,1,0,1,22.697,drugA
29,45,0,0,2,17.951,drugA
30,18,1,1,1,8.75,drugX
31,74,0,2,2,9.567,drugB
32,49,0,0,1,11.014,drugX
33,65,1,2,1,31.876,drugA
34,53,0,1,2,14.133,drugX
35,46,0,1,1,7.285,drugX
36,32,0,2,1,9.445,drugA
37,39,0,0,1,13.938,drugX
38,39,1,1,1,9.709,drugX
39,15,0,1,2,9.084,drugX
40,73,1,1,2,19.221,drugA
41,58,1,2,1,14.239,drugB
42,50,0,1,1,15.79,drugA
43,23,0,1,2,12.26,drugX
44,50,1,1,1,12.295,drugX
45,66,1,1,1,8.107,drugX
46,37,1,2,2,13.091,drugA
47,68,0,0,2,10.291,drugC
48,23,0,1,2,31.686,drugA
49,28,1,0,2,19.796,drugA
50,58,1,2,2,19.416,drugA
51,67,0,1,1,10.898,drugX
52,62,0,0,1,27.183,drugA
53,24,1,2,1,18.457,drugA
54,68,1,2,1,10.189,drugB
55,26,1,0,2,14.16,drugC
56,65,0,2,1,11.34,drugB
57,40,0,2,2,27.826,drugA
58,60,0,1,1,10.091,drugX
59,34,0,2,2,18.703,drugA
60,38,1,0,1,29.875,drugA
61,24,0,2,1,9.475,drugA
62,67,0,0,1,20.693,drugA
63,45,0,0,1,8.37,drugX
64,60,1,2,2,13.303,drugB
65,68,1,1,1,27.05,drugA
66,29,0,2,2,12.856,drugA
67,17,0,1,1,10.832,drugX
68,54,0,1,2,24.658,drugA
69,18,1,2,1,24.276,drugA
70,70,0,2,2,13.967,drugB
71,28,1,1,2,19.675,drugA
72,24,1,1,2,10.605,drugX
73,41,1,1,1,22.905,drugA
74,31,0,2,1,17.069,drugA
75,26,0,0,1,20.909,drugA
76,36,1,2,2,11.198,drugA
77,26,1,2,1,19.161,drugA
78,19,1,2,2,13.313,drugA
79,32,1,0,1,10.84,drugX
80,60,0,2,2,13.934,drugB
81,64,0,1,2,7.761,drugX
82,32,1,0,2,9.712,drugC
83,38,1,2,1,11.326,drugA
84,47,1,0,2,10.067,drugC
85,59,0,2,2,13.935,drugB
86,51,1,1,2,13.597,drugX
87,69,0,0,2,15.478,drugA
88,37,1,2,1,23.091,drugA
89,50,1,1,1,17.211,drugA
90,62,0,1,2,16.594,drugA
91,41,0,2,1,15.156,drugA
92,29,1,2,2,29.45,drugA
93,42,1,0,1,29.271,drugA
94,56,0,0,2,15.015,drugA
95,36,0,0,1,11.424,drugX
96,58,1,0,2,38.247,drugA
97,56,1,2,2,25.395,drugA
98,20,0,2,1,35.639,drugA
99,15,1,2,1,16.725,drugA
100,31,0,2,1,11.871,drugA
101,45,1,2,2,12.854,drugA
102,28,1,0,2,13.127,drugC
103,56,0,1,2,8.966,drugX
104,22,0,2,1,28.294,drugA
105,37,0,0,1,8.968,drugX
106,22,0,1,2,11.953,drugX
107,42,0,0,2,20.013,drugA
108,72,0,2,1,9.677,drugB
109,23,0,1,2,16.85,drugA
110,50,0,2,2,7.49,drugA
111,47,1,1,1,6.683,drugX
112,35,0,0,1,9.17,drugX
113,65,1,0,1,13.769,drugX
114,20,1,1,1,9.281,drugX
115,51,0,2,2,18.295,drugA
116,67,0,1,1,9.514,drugX
117,40,1,1,2,10.103,drugX
118,32,1,2,1,10.292,drugA
119,61,1,2,2,25.475,drugA
120,28,0,1,2,27.064,drugA
121,15,0,2,1,17.206,drugA
122,34,0,1,2,22.456,drugA
123,36,1,1,2,16.753,drugA
124,53,1,2,1,12.495,drugB
125,19,1,2,1,25.969,drugA
126,66,0,2,2,16.347,drugA
127,35,0,1,1,7.845,drugX
128,47,0,0,1,33.542,drugA
129,32,1,1,2,7.477,drugX
130,70,1,1,2,20.489,drugA
131,52,0,0,1,32.922,drugA
132,49,0,0,1,13.598,drugX
133,24,0,1,2,25.786,drugA
134,42,1,2,2,21.036,drugA
135,74,0,0,1,11.939,drugX
136,55,1,2,2,10.977,drugB
137,35,1,2,2,12.894,drugA
138,51,0,2,1,11.343,drugB
139,69,1,1,2,10.065,drugX
140,49,0,2,1,6.269,drugA
141,64,1,0,1,25.741,drugA
142,60,0,2,1,8.621,drugB
143,74,0,2,1,15.436,drugA
144,39,0,2,2,9.664,drugA
145,61,0,1,2,9.443,drugX
146,37,1,0,1,12.006,drugX
147,26,1,2,1,12.307,drugA
148,61,1,0,1,7.34,drugX
149,22,0,0,2,8.151,drugC
150,49,0,2,1,8.7,drugA
151,68,0,2,2,11.009,drugB
152,55,0,1,1,7.261,drugX
153,72,1,0,1,14.642,drugX
154,37,0,0,1,16.724,drugA
155,49,0,0,2,10.537,drugC
156,31,0,2,1,11.227,drugA
157,53,0,0,2,22.963,drugA
158,59,1,0,2,10.444,drugC
159,34,1,0,1,12.923,drugX
160,30,1,1,2,10.443,drugX
161,57,1,2,1,9.945,drugB
162,43,0,1,1,12.859,drugX
163,21,1,2,1,28.632,drugA
164,16,0,2,1,19.007,drugA
165,38,0,0,2,18.295,drugA
166,58,1,0,2,26.645,drugA
167,57,1,1,2,14.216,drugX
168,51,1,0,1,23.003,drugA
169,20,1,2,2,11.262,drugA
170,28,1,1,2,12.879,drugX
171,45,0,0,1,10.017,drugX
172,39,1,1,1,17.225,drugA
173,41,1,0,1,18.739,drugA
174,42,0,2,1,12.766,drugA
175,73,1,2,2,18.348,drugA
176,48,0,2,1,10.446,drugA
177,25,0,1,2,19.011,drugA
178,39,0,1,2,15.969,drugA
179,67,1,1,2,15.891,drugA
180,22,1,2,1,22.818,drugA
181,59,1,1,2,13.884,drugX
182,20,1,0,1,11.686,drugX
183,36,1,2,1,15.49,drugA
184,18,1,2,2,37.188,drugA
185,57,1,1,1,25.893,drugA
186,70,0,2,2,9.849,drugB
187,47,0,2,2,10.403,drugA
188,65,0,2,1,34.997,drugA
189,64,0,2,1,20.932,drugA
190,58,0,2,2,18.991,drugA
191,23,0,2,2,8.011,drugA
192,72,0,0,2,16.31,drugA
193,72,0,0,2,6.769,drugC
194,46,1,2,2,34.686,drugA
195,56,1,0,2,11.567,drugC
196,16,0,0,2,12.006,drugC
197,52,0,1,2,9.894,drugX
198,23,0,1,1,14.02,drugX
199,40,1,0,1,11.349,drugX
